[gd_scene load_steps=10 format=3 uid="uid://u3l3grnkbtg6"]

[ext_resource type="Script" uid="uid://b7sju51se25of" path="res://src/CameraTemp.cs" id="1_10v3s"]
[ext_resource type="Script" uid="uid://c4h07ujcqneso" path="res://src/world/WorldController.cs" id="2_ns6u7"]
[ext_resource type="Material" uid="uid://cuyyiwhax61n7" path="res://resources/textures/world_material.tres" id="3_5t4e2"]
[ext_resource type="Resource" uid="uid://khfpje5q61u1" path="res://resources/world/World.tres" id="6_10v3s"]
[ext_resource type="Resource" uid="uid://j1ityh36augs" path="res://resources/blocks/blockStore.tres" id="6_a6664"]
[ext_resource type="Script" uid="uid://bwg8mi3d737gv" path="res://src/world/construct/Construct.cs" id="7_10v3s"]
[ext_resource type="Resource" uid="uid://dv8ysmj8tjhtt" path="res://resources/movement/MoveMooove.tres" id="7_cptob"]
[ext_resource type="Resource" uid="uid://de6fnfogow3ri" path="res://resources/world/thingy.tres" id="8_cptob"]

[sub_resource type="Environment" id="Environment_np7kj"]
background_mode = 1
background_color = Color(0.103743516, 0.10374353, 0.103743516, 1)
ambient_light_source = 2
ambient_light_color = Color(1, 1, 1, 1)
ambient_light_energy = 0.12
tonemap_mode = 2
glow_enabled = true
glow_bloom = 0.12
fog_enabled = true
fog_mode = 1
fog_light_color = Color(0.48666847, 0.59338796, 0.33708662, 1)
fog_light_energy = 0.16
fog_density = 1.0
volumetric_fog_density = 1.0
volumetric_fog_length = 0.01

[node name="Node3D" type="Node3D"]

[node name="Camera3D" type="Camera3D" parent="."]
transform = Transform3D(1, 0, 0, 0, 0.93969256, 0.3420201, 0, -0.3420201, 0.93969256, 0, 6.995, 0)
environment = SubResource("Environment_np7kj")
script = ExtResource("1_10v3s")
sprintSpeed = 100.0

[node name="WorldController" type="Node3D" parent="." node_paths=PackedStringArray("FocusPosition")]
transform = Transform3D(0.99999994, 0, 0, 0, 1, 0, 0, 0, 0.99999994, 0, 0, 0)
script = ExtResource("2_ns6u7")
FocusPosition = NodePath("../Camera3D")
ModuleMat = ExtResource("3_5t4e2")
BlockStore = ExtResource("6_a6664")
RenderDistance = 20
DebugDraw = 0

[node name="Thingy" type="Node3D" parent="WorldController"]
transform = Transform3D(0.99999964, 0, 0, 0, 1, 0, 0, 0, 0.99999964, 0, 6, -5.01)
script = ExtResource("7_10v3s")
ConstructGeneratorSettings = ExtResource("8_cptob")
rotSodSettings = ExtResource("7_cptob")
moveSodSettings = ExtResource("7_cptob")
metadata/_custom_type_script = "uid://bwg8mi3d737gv"

[node name="World" type="Node3D" parent="WorldController"]
transform = Transform3D(0.9999997, -5.9604645e-08, 5.9604645e-08, 2.9802322e-08, 1.0000002, 2.9802322e-08, -8.940697e-08, 2.9802322e-08, 0.9999999, -1.9073486e-06, -1.4305115e-06, -2.861023e-06)
script = ExtResource("7_10v3s")
IsGlobal = true
ConstructGeneratorSettings = ExtResource("6_10v3s")
rotSodSettings = ExtResource("7_cptob")
moveSodSettings = ExtResource("7_cptob")
metadata/_custom_type_script = "uid://bwg8mi3d737gv"

[node name="DirectionalLight3D" type="DirectionalLight3D" parent="."]
transform = Transform3D(0.520856, -0.544815, 0.65718, 0.338403, 0.838556, 0.426974, -0.783704, -3.01197e-07, 0.621134, 10.508, 5.09948, 9.65549)
light_color = Color(1, 1, 0.894118, 1)
light_energy = 0.238
shadow_enabled = true
shadow_opacity = 0.5

[node name="Thingy2" type="Node3D" parent="DirectionalLight3D"]
transform = Transform3D(0.520856, 0.3384031, -0.7837039, -0.5448149, 0.83855623, -3.725289e-07, 0.65717965, 0.42697406, 0.62113404, 6.993957, 8.157171, -14.770227)
script = ExtResource("7_10v3s")
ConstructGeneratorSettings = ExtResource("8_cptob")
rotSodSettings = ExtResource("7_cptob")
moveSodSettings = ExtResource("7_cptob")
metadata/_custom_type_script = "uid://bwg8mi3d737gv"

[node name="Thingy3" type="Node3D" parent="DirectionalLight3D"]
transform = Transform3D(0.520856, 0.3384031, -0.7837039, -0.5448149, 0.83855623, -3.725289e-07, 0.65717965, 0.42697406, 0.62113404, 7.670763, 9.834284, -13.91628)
script = ExtResource("7_10v3s")
ConstructGeneratorSettings = ExtResource("8_cptob")
rotSodSettings = ExtResource("7_cptob")
moveSodSettings = ExtResource("7_cptob")
metadata/_custom_type_script = "uid://bwg8mi3d737gv"

[node name="Thingy4" type="Node3D" parent="DirectionalLight3D"]
transform = Transform3D(0.520856, 0.3384031, -0.7837039, -0.5448149, 0.83855623, -3.725289e-07, 0.65717965, 0.42697406, 0.62113404, 8.3475685, 11.511396, -13.062331)
script = ExtResource("7_10v3s")
ConstructGeneratorSettings = ExtResource("8_cptob")
rotSodSettings = ExtResource("7_cptob")
moveSodSettings = ExtResource("7_cptob")
metadata/_custom_type_script = "uid://bwg8mi3d737gv"

[node name="Thingy5" type="Node3D" parent="DirectionalLight3D"]
transform = Transform3D(0.520856, 0.3384031, -0.7837039, -0.5448149, 0.83855623, -3.725289e-07, 0.65717965, 0.42697406, 0.62113404, 9.024376, 13.188509, -12.208384)
script = ExtResource("7_10v3s")
ConstructGeneratorSettings = ExtResource("8_cptob")
rotSodSettings = ExtResource("7_cptob")
moveSodSettings = ExtResource("7_cptob")
metadata/_custom_type_script = "uid://bwg8mi3d737gv"

[node name="Thingy6" type="Node3D" parent="DirectionalLight3D"]
transform = Transform3D(0.520856, 0.3384031, -0.7837039, -0.5448149, 0.83855623, -3.725289e-07, 0.65717965, 0.42697406, 0.62113404, 71.96735, 169.15996, 67.208786)
script = ExtResource("7_10v3s")
ConstructGeneratorSettings = ExtResource("8_cptob")
rotSodSettings = ExtResource("7_cptob")
moveSodSettings = ExtResource("7_cptob")
metadata/_custom_type_script = "uid://bwg8mi3d737gv"
